-1.255211648926884527 2.284438300997805094
-0.760356936063057431 0.402669740259052000
-0.001434059281521276 1.776846548876791498
0.622350181987005646 -0.718357910601442606
1.529259505128917507 0.241461753931041800
0.136995614382532521 -1.413148259435245802
0.996037901757907185 1.140261080786299619
0.141729706036239855 -2.110576411504766270
-2.124575803074027380 -0.704456410894607865
-0.045193225911143657 -1.068199091411096369
0.037315193134557743 0.188212833077483072
-1.247397320546928201 -0.146876487296947494
-0.991118724954087815 -0.358450811894880206
-0.548901317248590370 -0.576294774658879905
-0.583988322757579392 -0.339039695802835828
0.770801246794177164 -1.410508118672431754
0.414911040861396685 -0.091643472944407153
1.210562782237666113 1.136009483675552767
1.340326907986509442 -1.128197062817861918
-0.180977954459433377 -0.019619081947267868
-0.246805364920996168 0.346242333860542595
0.185108078081963667 1.579054373677260426
-0.924543657482781223 0.771600522987579196
-0.115291596190330484 -0.050719753342590788
-0.328892101111971036 -0.122512159899398509
1.351889020280035991 -0.720920708466087468
0.060966734980378121 -0.710294211689564858
-0.748837936021108930 1.038316624628540685
0.734800262407387605 1.321395062765964079
0.157077663812613982 0.138458959586773456
-0.014591411538477980 0.753202161083940225
-0.168910916801562061 -0.292385257460410775
0.573566405293012394 1.647148304899590965
-0.634221991433378318 0.279122376599697242
0.279987302231063384 -2.201016172039877539
0.316311740369288608 -0.002226234896042727
0.210182334223174144 2.053818527942990801
-1.367247433975234738 -1.033109652111897647
0.167799848253177841 0.958122743650216657
-1.738395051307962680 -0.730970113475392091
-0.699829527620077885 0.096556508362827753
-1.131887743531133195 -0.405562274944061385
1.506419238131858851 -0.754942243293619475
-0.416576357832228350 -0.166950068581251276
1.603917487980573764 -1.459140258963897097
0.512526355871021355 -0.722131105351892733
-1.455196228146081960 -1.370583333490436484
-0.700984853280583020 0.914515021498579106
-0.201957059180645354 0.603057082333500416
0.563913530688665787 -0.397820543716091601
-0.154250540974863709 -2.291376432033835009
0.167294225106393718 0.424612561923061405
0.158440028522381815 0.171734802809340753
-0.560131593379968873 -0.386624741509271619
1.401055736563413090 -0.339153432303866853
1.285370117645336263 1.420989520024142694
-0.785712258236574979 -1.011381932619513035
-0.357635926024309769 -0.787923533628267059
-0.886987801301514223 -0.578085091820505603
-0.845175499915781669 -1.454750065449414320
1.064521068939409565 -0.598344855774287421
-0.888139392312980336 -0.735148399172502520
1.093394887682890504 0.203817587278723733
-0.166527795583847782 0.212905753037839179
