0.000017100000000000 -0.000006300000000000
0.000017406000000000 -0.000006102000000000
0.000017712000000000 -0.000005904000000000
0.000018018000000000 -0.000005706000000000
0.000018324000000000 -0.000005508000000000
0.000018630000000000 -0.000005310000000000
0.000018936000000000 -0.000005112000000000
0.000019242000000000 -0.000004914000000000
0.000019548000000000 -0.000004716000000000
0.000019854000000000 -0.000004518000000000
0.000020160000000000 -0.000004320000000000
0.000020466000000000 -0.000004122000000000
0.000020772000000000 -0.000003924000000000
0.000021078000000000 -0.000003726000000000
0.000021384000000000 -0.000003528000000000
0.000021690000000000 -0.000003330000000000
