0.000415228445141897 -0.000220637233999736
0.000039689705705065 0.000276451140613739
-0.000121698392087653 -0.000385001526346014
-0.000062151430397648 -0.000179679307033843
-0.000017578627405803 0.000074608244305532
0.000063077271776826 -0.000043642777484986
-0.000021267162565767 -0.000059633653404125
0.000236490686029314 0.000135878864669189
0.000295656006936054 0.000107619323554943
0.000369927560202680 0.000043101285543817
0.000019184743003086 -0.000125988158455873
-0.000267245958547272 0.000285620581148269
0.000109287051389575 -0.000034904327353963
0.000030576417345145 0.000029012641761158
-0.000180443254675763 -0.000144278811242729
-0.000110616583786224 0.000190501690288357
-0.000659543676599290 -0.000322420617399643
0.000312959385475548 -0.000303634997572536
-0.000374940309232300 0.000506799576508059
-0.000170073669187652 0.000243289376166709
0.000110400278849494 -0.000046194503095674
-0.000112987137619050 -0.000039694449417835
-0.000055859042980634 0.000081553627549060
-0.000045129266935348 -0.000423440921885438
-0.000135089740459104 -0.000472296793718968
-0.000284721005753615 -0.000506996835890122
-0.000176801679770524 0.000091275304966703
0.000605977335416709 0.000075831803602781
-0.000144314298320902 -0.000106102022426803
0.000008627607701094 -0.000065241195758738
-0.000016875851058829 0.000360315782437366
0.000342161586800312 -0.000034885692560482
-0.000062201446379693 0.000114857937818621
-0.000051658662203981 -0.000057883335478566
0.000087315835824830 0.000070406423955028
0.000041989460142775 0.000032035777299777
-0.000007394197262186 -0.000019967853671272
-0.000007893314379697 0.000019791539542695
0.000014083920859864 0.000010534043254145
-0.000075608731334396 0.000004886151880178
-0.000084960100490691 0.000020516417417705
-0.000092236988186388 0.000046859122218719
0.000014916311507816 0.000032105843349897
0.000017968957224352 -0.000107162003116825
-0.000019930528572797 0.000024868643811788
-0.000011533925625625 -0.000002016955956872
0.000063927800012052 0.000005668839921227
-0.000003667199846966 -0.000061083951505369
-0.000008217446480520 -0.000009278294736745
0.000006839172144946 -0.000002723799942759
-0.000009114534318185 0.000005495474536924
-0.000004220671016364 0.000002701951692376
0.000002020400712028 -0.000000010148494941
-0.000001507790079918 -0.000001346950021657
-0.000001396846162981 0.000000913143327483
0.000002021940944047 -0.000006899074863582
0.000000932505610400 -0.000008240750811008
-0.000001179334238897 -0.000009745682247400
-0.000003346953583901 0.000000286195874998
0.000008969077082563 0.000005084977474485
-0.000001569148721564 -0.000002585048490659
0.000000554694041245 -0.000000962652459756
-0.000002583214820173 0.000005514688995516
0.000005564620679638 0.000001658504723888
0.000074553024029644 -0.000136132344506700
-0.000255243548859435 0.000021139955183625
-0.000192562803823890 -0.000010850848777574
-0.000102562537322709 -0.000100464541738314
0.000201849516996477 0.000221226362902012
0.000284355072495922 0.000037378881930353
-0.000133452383803894 0.000242026120808413
0.000024577711263878 0.000028682824000756
0.000051949386283565 -0.000113692860764457
-0.000182892997019700 -0.000249228438426629
-0.000070293495120024 -0.000205189635884237
-0.000131549831476553 0.000090622561589174
-0.000073181979789323 0.000100711010366330
-0.000068322324745140 -0.000102010955967438
-0.000141218474851836 -0.000066499679609765
-0.000130358669574187 -0.000162056182472980
-0.000240388275832797 0.000030607707266599
0.000260748370418610 0.000303167712948145
0.000162849397265423 0.000253290612904217
-0.000032916942582000 0.000221724517541494
0.000094486909159983 -0.000457920372699142
-0.000213490645698637 -0.000393612072376889
0.000428211195385471 -0.000053271070690760
0.000013711054894886 -0.000057358225545732
-0.000191306156475391 0.000038597049812600
-0.000147254413441413 0.000459640251931615
-0.000194845555056442 0.000276969017820632
0.000235138208283162 0.000083147204189183
0.000194369254682826 0.000000137668273071
-0.000066266132447560 0.000179873107879364
0.000045448203945750 0.000239431470084705
-0.000085263853839920 0.000313324084084660
0.000003660539766647 0.000042960175063453
0.000055825024880522 -0.000044107297052977
0.000046233313349857 -0.000027073380484264
0.000039171821986650 0.000007493900675484
-0.000080703960218541 -0.000020188595293617
-0.000071553147506947 0.000035036443999261
-0.000006298174948851 -0.000076517041759379
-0.000010094928881211 -0.000002862243920691
0.000005444342625511 0.000034294096723168
0.000080618853718310 0.000029581734840874
0.000047793155363980 0.000036688902276420
0.000016522613989699 -0.000041184300161052
0.000001464158637953 -0.000034551712559851
0.000031484943204066 0.000013112344603155
0.000042900008118997 -0.000006305799731573
0.000055067608649465 0.000017478007397683
-0.000003948731628519 -0.000001070017973800
0.000002117523262551 0.000006410237382264
0.000000910769141271 0.000005001512605291
-0.000001941264579825 0.000003248458080317
0.000004422879919099 -0.000006538287895473
-0.000000797673697471 -0.000007517514007133
0.000007025942874256 0.000001925586907626
0.000000583276588665 -0.000000806896278271
-0.000003234159710467 -0.000000629322905670
-0.000005257479896218 0.000006225393982428
-0.000004824119750522 0.000003068089851989
0.000003134401668209 0.000002811555391252
0.000003032576979413 0.000001253565460022
-0.000002192281557612 0.000002380581845293
-0.000000832246493277 0.000004029347327733
-0.000003347977195951 0.000004340997725923
0.000320503294053836 0.000004231017410159
0.000203158456681966 0.000182542062777605
0.000033854705968579 0.000007206319394806
-0.000059678865511650 -0.000106193890034416
-0.000206885864707857 0.000238911503853636
0.000141513978711503 -0.000164815410325586
-0.000128273756950512 0.000009202156512351
0.000135896121966655 -0.000000728763500625
-0.000397716963025510 0.000044941396465888
0.000172397923223782 0.000032687947642389
-0.000139979499476519 0.000269813628911794
-0.000243542770760978 -0.000265944969547977
-0.000412918524313747 -0.000033612812400289
-0.000064715135136877 0.000251859233194615
-0.000102031199199793 -0.000161451600398645
0.000034000949146061 0.000197736703016401
-0.000288524018356384 -0.000408899135078592
0.000044401425011139 -0.000424104689146319
-0.000021934896420576 -0.000049389661770330
-0.000079477324431532 0.000172785725883652
0.000491606709043436 0.000042382551826179
-0.000338031804866676 -0.000027711167827809
0.000129243476431253 0.000153661926759029
-0.000125524634932898 -0.000171063589861433
0.000421460671129468 0.000461387590064035
-0.000116764617258071 -0.000247830796270391
0.000469310980558280 -0.000070501238224377
-0.000112769057548952 0.000551610765693336
0.000336130166724034 0.000552624456129834
0.000377611831916061 -0.000149150284441674
-0.000110473414835948 0.000276972343839726
0.000218704071514523 -0.000224272539148028
-0.000074826475114181 0.000048261783969395
-0.000075063577875806 -0.000011034502080105
-0.000008942397377018 0.000003533506478542
0.000030127175098020 0.000015408382516931
0.000011175594859207 -0.000087078264906001
-0.000007429961448704 0.000059886153810973
0.000028273552776610 -0.000021837251928605
-0.000031339475135078 0.000021047265580882
0.000085141926053027 -0.000071504954337123
-0.000044921381713172 0.000018921398585376
-0.000009056731591513 -0.000083950912403267
0.000097223746360035 0.000024132546640908
0.000100728927794195 -0.000055660090005225
-0.000023717267184115 -0.000068232242076080
0.000048418687805969 0.000021690217490256
-0.000038248661903196 -0.000040539874352633
-0.000001870273870003 -0.000008239185631384
0.000003423493475889 -0.000006333004326429
-0.000000024343593071 -0.000000912034306951
-0.000002352833682293 0.000002184912923427
0.000007399486547740 0.000003826587018856
-0.000005097148023213 -0.000002608846393214
0.000001027735654814 0.000003230270621353
-0.000000857658834304 -0.000003477910022630
0.000003607037857940 0.000009914249827073
-0.000000226689841645 -0.000004619593012139
0.000007778308852683 0.000001921295512707
-0.000005311415348280 0.000007882779249290
0.000001687895273696 0.000010788769061192
0.000006853557358137 0.000000103452129514
-0.000003507370184897 0.000003611358964745
0.000004857194273088 -0.000002092062098654
-0.000131146739206174 0.000110441628446086
-0.000381054496165959 0.000020231627426174
-0.000023341037934248 -0.000225371099090884
-0.000256368814536694 0.000135469664685027
-0.000003081512581468 -0.000032693570720051
-0.000008857287707642 -0.000020923942145879
0.000189179073437751 -0.000132448463618772
-0.000052312351705973 -0.000031206190202466
-0.000001200806083466 0.000057049278416655
-0.000127456606554323 -0.000315410955589498
-0.000029061116558966 -0.000075562033764693
0.000166727377547899 -0.000124129756042595
0.000076167009261484 0.000031248686841600
0.000253063926206772 0.000235439856705249
-0.000260265774665299 -0.000156124816381096
0.000038823769763000 -0.000029499578077850
0.000259813946716170 0.000064465635293178
0.000374957077792751 0.000462987732999873
-0.000263399745909306 0.000236139707981622
0.000406258472763560 0.000199760342627932
-0.000038489382051067 0.000033870970048765
-0.000018320282676238 0.000030378191944290
-0.000340834041865567 -0.000117622884037529
0.000008530172347927 0.000094720148019738
0.000073194141070561 -0.000050791253854121
-0.000281719043377827 0.000450268354101497
-0.000068841414060370 0.000106007635160442
-0.000309735649593033 -0.000096878154179159
-0.000030348900212046 -0.000124904220711510
0.000065489790901888 -0.000535672380640326
0.000041343951381603 0.000472049072091949
-0.000072876257498759 -0.000022013278759914
0.000013384391614201 -0.000045709243006510
0.000085081930756264 -0.000063226227770277
0.000040027211660045 0.000048573257331785
0.000038520238720588 -0.000070740345132934
0.000005736102420490 0.000007093080958420
0.000005264588209918 0.000003481779397273
-0.000023434189086164 0.000059718330693556
0.000016901441978290 -0.000000814807530791
-0.000008486939206820 -0.000013387822052311
0.000077956851115654 0.000053415894099901
0.000018334913368966 0.000013023029870680
-0.000019516084836392 0.000054343671332896
-0.000022428829997638 0.000004469917954221
-0.000094740599141027 -0.000015609726982552
0.000084221691951628 -0.000003853203295411
-0.000004453059326871 0.000012792052006031
0.000003639787045327 0.000002678868676229
0.000002870967785907 0.000009639816463967
-0.000005631151376346 0.000001989503176396
0.000005054228933511 0.000005733233893396
-0.000000818765469222 0.000000280806150339
-0.000000481504593451 0.000000356151079575
-0.000004561998782474 -0.000004030113670244
-0.000000476713409407 0.000001533189488187
0.000001469331031027 -0.000000321434685949
-0.000007295689972498 0.000005213399463256
-0.000001756901591953 0.000001211204751166
-0.000004210217184674 -0.000003506134547987
0.000000330530557543 -0.000002144739926425
0.000004470924979653 -0.000007938433973096
-0.000002393973430864 0.000007633316674600
-0.000000995628995688 -0.000000812757426056
